0 0.346301 0.649148 0.162720 0.521292
0 0.897644 0.719717 0.197197 0.503685
0 0.077330 0.695495 0.143598 0.529509
0 0.191431 0.610952 0.121656 0.401496
0 0.286651 0.647012 0.088901 0.469987
0 0.594574 0.546114 0.085979 0.204513
0 0.665466 0.482125 0.025015 0.083877
0 0.794694 0.473541 0.016670 0.083950
0 0.844102 0.487517 0.032336 0.105421
0 0.777607 0.480317 0.023030 0.087704
0 0.934247 0.471439 0.026436 0.091314
0 0.053686 0.462142 0.076439 0.134477
0 0.890448 0.453838 0.027248 0.045482
0 0.772982 0.481709 0.031946 0.087044
0 0.135512 0.676026 0.070328 0.441105
0 0.069516 0.463143 0.108946 0.136460
