0 0.680889 0.655600 0.214207 0.547742
0 0.337400 0.658520 0.340225 0.573517
0 0.125634 0.597630 0.128595 0.453483
0 0.867041 0.464850 0.096010 0.226020
0 0.958402 0.478522 0.079517 0.273254
0 0.555156 0.582768 0.157672 0.436043
0 0.626640 0.401976 0.077826 0.150368
0 0.243825 0.599745 0.184746 0.491466
0 0.258698 0.481985 0.152713 0.243207
0 0.791615 0.437427 0.070606 0.154174
0 0.055115 0.740976 0.110230 0.495742
0 0.973637 0.497068 0.051184 0.286161
0 0.457319 0.431004 0.072838 0.119754
0 0.233705 0.404667 0.142758 0.173226
0 0.974317 0.543421 0.051367 0.197254
0 0.883435 0.363341 0.036046 0.076754
