0 0.585975 0.537048 0.289012 0.867255
0 0.066059 0.425924 0.131903 0.570981
0 0.339660 0.492092 0.256884 0.916385
0 0.870078 0.455839 0.132199 0.578822
0 0.237431 0.411994 0.131488 0.597176
0 0.130699 0.361455 0.076281 0.398994
0 0.961856 0.438471 0.075462 0.532793
0 0.723090 0.449050 0.106821 0.554602
0 0.887521 0.141043 0.036242 0.089412
0 0.919998 0.158299 0.027715 0.106382
0 0.216226 0.443921 0.087440 0.528498
0 0.776671 0.162811 0.031904 0.103673
0 0.438462 0.470682 0.071239 0.469851
0 0.982473 0.494154 0.034320 0.415210
0 0.842134 0.131455 0.029636 0.106724
