0 0.356658 0.599666 0.157773 0.700871
0 0.452556 0.573518 0.090466 0.687525
0 0.267175 0.599606 0.089248 0.637469
0 0.610017 0.375076 0.086513 0.230194
0 0.977955 0.448315 0.043213 0.201543
0 0.184750 0.329960 0.048776 0.082286
0 0.102076 0.324196 0.063587 0.093017
0 0.405335 0.318735 0.054655 0.112984
0 0.844118 0.316408 0.097648 0.162439
0 0.786623 0.353508 0.060493 0.169181
0 0.983856 0.321039 0.031727 0.130399
0 0.905784 0.321086 0.071195 0.121968
0 0.018151 0.350010 0.036087 0.065253
0 0.988840 0.320583 0.021713 0.130700
