0 0.131200 0.456252 0.128619 0.505640
0 0.301571 0.519696 0.103334 0.654640
0 0.791817 0.592134 0.143734 0.741856
0 0.652876 0.540633 0.150754 0.620062
0 0.954013 0.498002 0.091135 0.558696
0 0.401466 0.474961 0.123170 0.552295
0 0.556987 0.540854 0.098545 0.698994
0 0.219988 0.391912 0.081526 0.474016
0 0.735915 0.419646 0.068310 0.452204
0 0.875849 0.564594 0.114261 0.702709
0 0.486963 0.503594 0.098107 0.583622
0 0.367667 0.400245 0.062140 0.412063
0 0.907460 0.414581 0.119956 0.498174
0 0.933397 0.435546 0.068836 0.458170
0 0.889123 0.409939 0.085590 0.490475
0 0.481301 0.418080 0.082460 0.535345
0 0.479644 0.305272 0.079745 0.310944
