0 0.355904 0.521042 0.122948 0.775769
0 0.607637 0.5419 0.142292 0.765029
0 0.224602 0.568411 0.140762 0.842236
0 0.0587996 0.531344 0.117599 0.919549
0 0.919063 0.524181 0.102598 0.497524
0 0.965182 0.506834 0.0689016 0.971998
0 0.514488 0.529225 0.0950186 0.608992
0 0.147284 0.540622 0.107893 0.809182
0 0.725045 0.518816 0.0550562 0.373263
0 0.811241 0.53413 0.0543409 0.337994
0 0.426655 0.379986 0.0648493 0.396058
0 0.796638 0.527664 0.0810213 0.345991
0 0.774766 0.52196 0.0405172 0.339133
0 0.301367 0.501321 0.0668645 0.536588
0 0.685615 0.522268 0.0355599 0.333562
0 0.276331 0.309205 0.0357175 0.152766
0 0.123007 0.531061 0.147793 0.789106
