0 0.0972203 0.527066 0.192982 0.937243
0 0.514456 0.495457 0.275863 0.990914
0 0.873682 0.683004 0.159827 0.619294
0 0.243718 0.496294 0.13275 0.81557
0 0.744544 0.569892 0.109011 0.690186
0 0.854478 0.401091 0.102314 0.289611
0 0.686543 0.546503 0.0619606 0.375764
0 0.320677 0.547441 0.0816702 0.508845
0 0.330794 0.532686 0.0594168 0.475154
0 0.0152344 0.532588 0.030348 0.66751
0 0.370386 0.436176 0.0501168 0.443792
0 0.380026 0.527763 0.0730852 0.63524
0 0.639038 0.547159 0.0807491 0.522331
0 0.0130972 0.427549 0.0258657 0.542071
