0 0.119059 0.495165 0.227473 0.983196
0 0.870877 0.561439 0.132963 0.799032
0 0.548882 0.506385 0.169354 0.964185
0 0.660154 0.513567 0.10439 0.652985
0 0.375793 0.519164 0.0922061 0.511774
0 0.954042 0.553939 0.0915234 0.766818
0 0.281259 0.509838 0.0918254 0.430172
0 0.448245 0.520218 0.0755922 0.544271
0 0.77598 0.552683 0.0593101 0.408367
0 0.198183 0.623782 0.105615 0.655836
0 0.705727 0.535912 0.0399164 0.257048
0 0.416853 0.317267 0.0379586 0.109236
0 0.321304 0.488166 0.0480282 0.426398
0 0.320306 0.355655 0.042665 0.173672
0 0.0579699 0.502488 0.11594 0.965617
