0 0.140186 0.485179 0.101185 0.468416
0 0.491066 0.545887 0.16362 0.854802
0 0.607619 0.494015 0.13087 0.716696
0 0.346202 0.486823 0.0555861 0.426077
0 0.392126 0.448206 0.0725135 0.570982
0 0.218384 0.478027 0.0802275 0.45853
0 0.287187 0.466735 0.0587611 0.324343
0 0.820574 0.495972 0.175225 0.987627
0 0.719417 0.46703 0.0701226 0.613544
0 0.683132 0.490972 0.0611084 0.482156
0 0.469682 0.475067 0.124508 0.712124
0 0.624958 0.248241 0.0820307 0.189956
0 0.729693 0.492827 0.0742031 0.618836
0 0.391593 0.502522 0.0612372 0.469014
