0 0.616358 0.528875 0.150915 0.788022
0 0.349744 0.500086 0.108337 0.684865
0 0.0636206 0.491956 0.127241 0.977868
0 0.244141 0.573227 0.104666 0.775479
0 0.936061 0.516695 0.102648 0.447538
0 0.449537 0.489267 0.0906809 0.514764
0 0.531602 0.477677 0.096718 0.531846
0 0.153292 0.557889 0.104677 0.805339
0 0.723866 0.495003 0.0620498 0.330036
0 0.862414 0.512645 0.0625097 0.37878
0 0.793771 0.515956 0.077331 0.332625
0 0.40789 0.376919 0.0551109 0.371793
0 0.407191 0.467358 0.0539321 0.55055
0 0.806084 0.523131 0.0555398 0.332698
0 0.781493 0.510695 0.0537569 0.318982
