0 0.184726 0.50892 0.163225 0.973622
0 0.358807 0.545271 0.190116 0.85607
0 0.774584 0.498718 0.29267 0.982794
0 0.0299082 0.527706 0.0598165 0.538661
0 0.0874103 0.541857 0.0826452 0.527059
0 0.595317 0.576371 0.0820457 0.512113
0 0.96086 0.545027 0.0777363 0.848825
0 0.496766 0.540404 0.0733358 0.434407
0 0.544733 0.511377 0.0483929 0.33097
0 0.451979 0.508297 0.0920651 0.556074
0 0.286238 0.538358 0.0552083 0.534118
0 0.274739 0.536599 0.0786092 0.543968
0 0.967903 0.762764 0.0637474 0.431366
