0 0.885299 0.49653 0.228596 0.986864
0 0.498545 0.49103 0.168903 0.98206
0 0.179387 0.495117 0.206756 0.988219
0 0.303266 0.522379 0.110742 0.714728
0 0.0542086 0.506912 0.10778 0.967233
0 0.69882 0.525252 0.0797495 0.405836
0 0.362302 0.507877 0.0613743 0.464697
0 0.423846 0.519226 0.0993728 0.879398
0 0.263208 0.201476 0.0400866 0.099425
0 0.601103 0.410815 0.0770254 0.44036
0 0.64855 0.441177 0.042527 0.331624
0 0.385076 0.29025 0.0266278 0.0946734
0 0.740434 0.437195 0.0477295 0.21372
0 0.742216 0.517904 0.0529346 0.373907
