0 0.813452 0.509256 0.123402 0.657464
0 0.597119 0.516719 0.184909 0.940541
0 0.329921 0.495633 0.119451 0.65825
0 0.188206 0.52227 0.159265 0.832897
0 0.965528 0.49082 0.0685123 0.519885
0 0.725891 0.482833 0.0977235 0.476411
0 0.0234709 0.476517 0.0469418 0.611602
0 0.0626534 0.5012 0.122366 0.572101
0 0.261692 0.509569 0.0646463 0.527388
0 0.4396 0.512417 0.0931833 0.545702
0 0.456593 0.531487 0.0644425 0.620508
0 0.0394329 0.486523 0.0788658 0.610567
0 0.399077 0.455134 0.0606443 0.404591
0 0.408514 0.348729 0.0494008 0.186873
0 0.486613 0.558275 0.0960582 0.667824
0 0.518207 0.520342 0.090197 0.729056
