0 0.214783 0.497117 0.212476 0.991426
0 0.575425 0.5214 0.175597 0.904295
0 0.371813 0.493694 0.11706 0.710057
0 0.736432 0.490966 0.0965322 0.418586
0 0.962896 0.494458 0.0735989 0.874756
0 0.805937 0.486667 0.0778186 0.434076
0 0.480084 0.47511 0.0744341 0.497635
0 0.0205236 0.513049 0.0410472 0.647978
0 0.685698 0.503798 0.0493938 0.275196
0 0.0944124 0.489928 0.0997046 0.633131
0 0.10604 0.483287 0.0729483 0.604354
0 0.0538806 0.512693 0.0814462 0.612651
0 0.0577522 0.510859 0.0606974 0.556887
0 0.4702 0.473784 0.0557379 0.461568
0 0.0734119 0.500754 0.136815 0.638405
