0 0.379114 0.530563 0.219401 0.927947
0 0.684506 0.527196 0.130039 0.687879
0 0.577592 0.543251 0.103748 0.580237
0 0.822859 0.609372 0.116813 0.602929
0 0.254101 0.502369 0.0902109 0.483694
0 0.939963 0.494296 0.119975 0.981664
0 0.18987 0.490175 0.0513118 0.388581
0 0.125855 0.47106 0.0867391 0.448541
0 0.317831 0.47525 0.0502266 0.44903
0 0.505095 0.510394 0.0553045 0.424144
0 0.885209 0.510786 0.0704525 0.468294
0 0.739781 0.360318 0.0616446 0.281742
0 0.0249208 0.444874 0.0498416 0.445055
0 0.885491 0.415078 0.0689909 0.274259
