0 0.856926 0.496481 0.221992 0.992234
0 0.178331 0.549619 0.136332 0.737441
0 0.590467 0.493767 0.275134 0.987534
0 0.356913 0.544533 0.138562 0.879585
0 0.956123 0.532578 0.0850048 0.751157
0 0.281477 0.521264 0.0911031 0.802571
0 0.440709 0.524173 0.055216 0.397679
0 0.363261 0.249553 0.111082 0.288863
0 0.77348 0.325931 0.112401 0.448853
0 0.0379311 0.515299 0.0663681 0.442486
0 0.104575 0.485806 0.096725 0.57734
0 0.0523696 0.523522 0.0920404 0.458713
0 0.0923178 0.543049 0.0795531 0.506211
