0 0.796832 0.516142 0.203989 0.94884
0 0.581896 0.565364 0.180447 0.856666
0 0.937575 0.498728 0.124404 0.984676
0 0.168298 0.503751 0.16233 0.979986
0 0.342805 0.546526 0.18204 0.879413
0 0.0344848 0.521604 0.0602059 0.437735
0 0.438151 0.486962 0.0845819 0.579216
0 0.684991 0.563982 0.0697901 0.621087
0 0.0806654 0.515534 0.0658236 0.418549
0 0.251209 0.666071 0.0645317 0.333626
0 0.269916 0.477236 0.0597507 0.397325
0 0.259258 0.562736 0.073948 0.543841
0 0.491517 0.508412 0.0365744 0.294319
