0 0.485843 0.537546 0.126584 0.713361
0 0.748784 0.50247 0.192887 0.980016
0 0.937651 0.612867 0.123897 0.760791
0 0.0546641 0.533581 0.109328 0.919685
0 0.611193 0.550542 0.092132 0.579462
0 0.170092 0.566642 0.167122 0.854191
0 0.369811 0.565707 0.0899709 0.569355
0 0.275262 0.565327 0.0639293 0.544923
0 0.289622 0.516379 0.0799041 0.427328
0 0.424952 0.536154 0.0600286 0.538803
0 0.555494 0.552418 0.0665928 0.460939
0 0.857521 0.507031 0.0547142 0.395427
0 0.285516 0.408939 0.0722651 0.216757
0 0.545093 0.573027 0.0723646 0.501055
